0.5 -4.4 0.401 -3 -1 -2 -5 -14
-1 -0.5 0.419 -5.9 -5 -1 -14 -20
-1.3 -1.1 0.428 -5.4 -14 -5 -20 -23
4 -1.9 0.446 1.2 -20 -14 -23 -27
4.4 -3.3 0.442 -0.7 -23 -20 -27 -24
4.5 -3.2 0.438 3.4 -27 -23 -24 -23
2.3 -3.3 0.441 -1.2 -24 -27 -23 -29
3.8 -1.5 0.453 1.4 -23 -24 -29 -29
3.6 -0.9 0.458 2 -29 -23 -29 -28
1.8 -1 0.467 0.3 -29 -29 -28 -29
4.3 -0.3 0.472 0.5 -28 -29 -29 -26
3.1 -0.6 0.469 -1.2 -29 -28 -26 -23
2.2 -1.9 0.465 -2.5 -26 -29 -23 -22
3.2 -0.4 0.456 -1.6 -23 -26 -22 -25
3.2 -0.4 0.454 -2 -22 -23 -25 -26
2.9 -1.2 0.453 -1.7 -25 -22 -26 -27
2 -2.7 0.459 -1.8 -26 -25 -27 -28
2.3 -3.1 0.444 -0.3 -27 -26 -28 -22
2.3 -4.4 0.471 -1.4 -28 -27 -22 -24
3.5 -5.8 0.503 -3.5 -22 -28 -24 -21
0.9 -0.5 0.507 -5.1 -24 -22 -21 -35
0.4 5.7 0.51 10 -21 -24 -35 -61
3.3 -2.5 0.51 -16 -35 -21 -61 -86
2.4 -3.8 0.522 -5.9 -61 -35 -86 -76
1.1 -0.7 0.542 -1.6 -86 -61 -76 -64
5.4 7.2 0.606 -1.8 -76 -86 -64 -67
7.4 4.9 0.614 -0.4 -64 -76 -67 -64
6.5 -1.1 0.604 1.5 -67 -64 -64 -63
2.6 -4.1 0.599 -6.6 -64 -67 -63 -65
2.8 -4.8 0.607 -5.4 -63 -64 -65 -56
4.8 3.9 0.608 0.4 -65 -63 -56 -54
7.1 -0.2 0.595 0.7 -56 -65 -54 -54
3.8 -3.3 0.592 -1.6 -54 -56 -54 -55
3.8 -2.6 0.572 -3.8 -54 -54 -55 -54
4.2 -2.7 0.56 -3 -55 -54 -54 -55
3.8 -2.2 0.553 -2.9 -54 -55 -55 -55
3.6 -3.2 0.55 -1.8 -55 -54 -55 -46
4.2 -3.7 0.551 -0.8 -55 -55 -46 -44
5.1 -3.4 0.547 -0.4 -46 -55 -44 -45
3.8 -3 0.55 -1.4 -44 -46 -45 -43
-0.4 -4.2 0.591 -3.1 -45 -44 -43 -52
5.2 -2.1 0.533 -1.6 -43 -45 -52 -56
6.2 -2 0.521 0.4 -52 -43 -56 -47
1.3 -2.5 0.57 -1.9 -56 -52 -47 -46
4.3 -1.1 0.557 -0.1 -47 -56 -46 -42
4.1 -1.2 0.544 -0.9 -46 -47 -42 -36
4.2 -0.1 0.539 -0.6 -42 -46 -36 -36
3.8 -1.3 0.523 -2.2 -36 -42 -36 -35
