1140.000000 42.738000 23.272000 95270.270000 23.460000 62.480000
1154.000000 42.663000 23.273000 94355.830000 23.060000 59.460000
1558.000000 42.700000 23.360000 95155.810000 26.530000 44.380000
1727.000000 42.624000 23.406000 94679.570000 28.340000 38.280000
1750.000000 42.669000 23.318000 94327.880000 26.310000 46.370000
976.000000 42.709000 23.398000 95314.520000 22.660000 56.550000
923.000000 42.640000 23.310000 93616.770000 23.870000 50.760000
1770.000000 42.683000 23.335000 94962.390000 24.920000 55.530000
1120.000000 42.693000 23.333000 94982.910000 26.290000 45.700000
1732.000000 42.738000 23.293000 95099.810000 24.620000 57.970000
977.000000 42.704000 23.354000 95069.550000 26.260000 44.460000
1824.000000 42.678000 23.254000 94447.610000 25.270000 58.190000
1731.000000 42.693000 23.359000 94944.700000 26.570000 45.010000
1556.000000 42.666000 23.284000 94537.780000 24.310000 0.000000
1023.000000 42.657000 23.349000 94491.450000 24.010000 51.410000
981.000000 42.690000 23.324000 94932.500000 25.950000 46.260000
1751.000000 42.680000 23.293000 94621.910000 26.700000 49.180000
1122.000000 42.685000 23.301000 94683.960000 25.920000 50.870000
1313.000000 42.660000 23.319000 94426.630000 24.230000 56.280000
1118.000000 42.651000 23.335000 94441.330000 24.990000 49.530000
1884.000000 42.700000 23.332000 95210.200000 27.800000 42.030000
1561.000000 42.665000 23.392000 95039.950000 25.990000 43.240000
1025.000000 42.686000 23.351000 94946.730000 25.640000 46.250000
1114.000000 42.664000 23.373000 94773.520000 26.790000 42.780000
1729.000000 42.710000 23.419000 95330.520000 24.790000 52.600000
1155.000000 42.645000 23.265000 92616.370000 24.120000 45.730000
1121.000000 42.692000 23.332000 95067.160000 27.680000 45.600000
1139.000000 42.671000 23.310000 94748.380000 24.990000 58.610000
925.000000 42.677000 23.311000 94827.420000 24.600000 58.120000
1123.000000 42.685000 23.356000 94903.910000 27.970000 39.410000
1793.000000 42.671000 23.364000 94789.700000 26.690000 40.990000
1138.000000 42.691000 23.324000 94858.890000 26.150000 45.960000
879.000000 42.622000 23.366000 93920.200000 24.650000 47.320000
1933.000000 42.702000 23.371000 95303.790000 23.920000 54.590000
1024.000000 42.694000 23.320000 95033.080000 29.060000 39.440000
1172.000000 42.686000 23.400000 95161.970000 24.180000 52.000000
1140.000000 42.738000 23.272000 95266.660000 23.370000 63.400000
1154.000000 42.663000 23.273000 94351.410000 23.140000 59.660000
1558.000000 42.700000 23.360000 95156.860000 26.510000 44.410000
1727.000000 42.624000 23.406000 94689.890000 28.310000 39.290000
976.000000 42.709000 23.398000 95319.300000 22.640000 56.360000
923.000000 42.640000 23.310000 93612.730000 23.870000 49.550000
1750.000000 42.669000 23.318000 94320.670000 26.380000 46.310000
1770.000000 42.683000 23.335000 94967.030000 24.890000 54.950000
1120.000000 42.693000 23.333000 94987.600000 26.230000 45.620000
1732.000000 42.738000 23.293000 95099.150000 24.530000 57.690000
977.000000 42.704000 23.354000 95073.590000 26.180000 44.790000
1731.000000 42.693000 23.359000 94942.330000 26.730000 44.970000
1556.000000 42.666000 23.284000 94535.770000 24.290000 0.000000
1023.000000 42.657000 23.349000 94491.220000 23.810000 52.510000
981.000000 42.690000 23.324000 94933.880000 25.970000 46.130000
1751.000000 42.680000 23.293000 94632.210000 26.560000 50.040000
1824.000000 42.678000 23.254000 94440.690000 25.650000 57.730000
1122.000000 42.685000 23.301000 94676.930000 25.590000 51.970000
1313.000000 42.660000 23.319000 94427.280000 24.220000 56.230000
1884.000000 42.700000 23.332000 95215.690000 27.980000 41.520000
1118.000000 42.651000 23.335000 94440.550000 24.970000 48.960000
1561.000000 42.665000 23.392000 95045.380000 25.850000 43.550000
1025.000000 42.686000 23.351000 94952.010000 25.790000 46.540000
1114.000000 42.664000 23.373000 94789.590000 26.660000 43.720000
1729.000000 42.710000 23.419000 95331.090000 24.690000 52.580000
1155.000000 42.645000 23.265000 92614.800000 24.070000 43.360000
1121.000000 42.692000 23.332000 95064.320000 27.680000 46.000000
1139.000000 42.671000 23.310000 94754.650000 24.820000 58.530000
925.000000 42.677000 23.311000 94827.880000 24.550000 58.070000
1123.000000 42.685000 23.356000 94912.660000 27.570000 40.130000
1793.000000 42.671000 23.364000 94809.020000 26.830000 40.620000
1138.000000 42.691000 23.324000 94859.030000 26.390000 45.410000
879.000000 42.622000 23.366000 93919.020000 24.480000 47.630000
1024.000000 42.694000 23.320000 95030.380000 29.110000 39.410000
1933.000000 42.702000 23.371000 95314.480000 23.820000 54.850000
1172.000000 42.686000 23.400000 95155.150000 24.190000 51.680000
1140.000000 42.738000 23.272000 95258.140000 23.370000 63.220000
1154.000000 42.663000 23.273000 94350.360000 23.010000 59.890000
976.000000 42.709000 23.398000 95323.590000 22.530000 56.760000
1727.000000 42.624000 23.406000 94680.370000 28.260000 40.970000
1558.000000 42.700000 23.360000 95151.310000 26.600000 44.130000
923.000000 42.640000 23.310000 93614.870000 23.760000 50.510000
1750.000000 42.669000 23.318000 94326.610000 26.120000 47.120000
1770.000000 42.683000 23.335000 94966.130000 24.610000 56.350000
1120.000000 42.693000 23.333000 94983.460000 26.190000 45.880000
1732.000000 42.738000 23.293000 95088.450000 24.450000 58.630000
977.000000 42.704000 23.354000 95076.020000 26.170000 44.740000
1556.000000 42.666000 23.284000 94533.230000 24.210000 0.000000
1731.000000 42.693000 23.359000 94938.860000 26.620000 45.410000
1023.000000 42.657000 23.349000 94496.140000 23.740000 52.810000
981.000000 42.690000 23.324000 94933.190000 25.960000 46.070000
1751.000000 42.680000 23.293000 94618.530000 26.690000 49.690000
1122.000000 42.685000 23.301000 94679.710000 25.350000 52.460000
1313.000000 42.660000 23.319000 94428.370000 24.280000 55.130000
1884.000000 42.700000 23.332000 95207.160000 27.890000 41.840000
1118.000000 42.651000 23.335000 94440.770000 24.980000 48.770000
1561.000000 42.665000 23.392000 95042.290000 25.870000 43.620000
1025.000000 42.686000 23.351000 94949.700000 25.580000 46.810000
1824.000000 42.678000 23.254000 94440.300000 25.760000 56.910000
1114.000000 42.664000 23.373000 94776.690000 26.290000 45.000000
1729.000000 42.710000 23.419000 95337.950000 24.670000 52.970000
1155.000000 42.645000 23.265000 92621.750000 24.100000 44.900000
1121.000000 42.692000 23.332000 95062.910000 27.690000 45.620000
1139.000000 42.671000 23.310000 94747.310000 24.810000 58.960000
